6.276428699493408
6.313228607177734
6.300961971282959
6.3704729080200195
6.296873092651367
6.243717670440674
6.337761878967285
6.329584121704102
6.292784214019775
6.300961971282959
6.243717670440674
6.305050849914551
6.2110066413879395
6.284606456756592
6.247806549072266
6.272339820861816
6.32549524307251
6.366384029388428
6.231451034545898
6.296873092651367
6.305050849914551
6.374561786651611
6.32549524307251
6.227362155914307
6.366384029388428
6.280517578125
6.276428699493408
6.305050849914551
6.358206272125244
6.329584121704102
6.300961971282959
6.276428699493408
6.276428699493408
6.313228607177734
6.305050849914551
6.313228607177734
6.268250942230225
6.272339820861816
6.362295150756836
6.292784214019775
6.288695335388184
6.374561786651611
6.386828422546387
6.223273277282715
6.382739543914795
6.247806549072266
6.296873092651367
6.333673000335693
6.255984306335449
6.321406364440918
6.255984306335449
6.231451034545898
6.3909173011779785
6.300961971282959
6.354117393493652
6.268250942230225
6.382739543914795
6.386828422546387
6.292784214019775
6.268250942230225
