distancia
10.55748462677002
10.610640048980713
10.58201789855957
10.659706592559814
10.590195655822754
10.565662384033203
10.573840141296387
10.590195655822754
10.598373413085938
10.500240325927734
10.53704023361206
10.594284534454346
10.549306869506836
10.508418083190918
10.541129112243652
10.565662384033203
10.496151447296143
10.500240325927734
10.549306869506836
10.58201789855957
10.524773597717285
10.545217990875244
10.586106777191162
10.635173320770264
10.545217990875244
10.594284534454346
10.622906684875488
10.496151447296143
10.553395748138428
10.659706592559814
10.516595840454102
10.60246229171753
10.53704023361206
10.594284534454346
10.610640048980713
10.573840141296387
10.643351078033447
10.553395748138428
10.51250696182251
10.508418083190918
10.545217990875244
10.520684719085693
10.65152883529663
10.545217990875244
10.618817806243896
10.58201789855957
10.528862476348877
10.639262199401855
10.553395748138428
10.541129112243652
10.504329204559326
10.586106777191162
10.545217990875244
10.541129112243652
10.55748462677002
10.631084442138672
10.614728927612305
10.577929019927979
10.618817806243896
10.614728927612305
