10.12815237045288
10.124063491821289
10.115885734558105
10.12815237045288
10.066819190979004
10.136330127716064
10.050463676452637
10.095441341400146
10.12815237045288
9.997308254241943
10.070908069610596
10.140419006347656
10.042285919189453
10.062730312347412
10.066819190979004
10.095441341400146
9.98913049697876
10.099530220031738
10.144507884979248
10.025930404663086
10.132241249084473
10.070908069610596
10.07908582687378
10.07908582687378
9.980952739715576
10.01366376876831
10.038197040557861
10.095441341400146
10.05864143371582
10.099530220031738
10.107707977294922
10.083174705505371
9.98913049697876
10.115885734558105
10.091352462768555
10.119974613189697
10.136330127716064
10.05864143371582
9.98913049697876
10.111796855926514
10.050463676452637
10.083174705505371
10.038197040557861
10.111796855926514
10.07908582687378
10.070908069610596
10.017752647399902
10.038197040557861
10.095441341400146
10.066819190979004
10.087263584136963
10.099530220031738
10.083174705505371
10.038197040557861
10.017752647399902
10.119974613189697
10.066819190979004
10.042285919189453
10.074996948242188
10.030019283294678
