11.694192886352539
11.767792701721191
11.722815036773682
11.767792701721191
11.870014667510986
11.771881580352783
11.804592609405518
11.69828176498413
11.857748031616211
11.747348308563232
11.74325942993164
11.726903915405273
11.841392517089844
11.816859245300293
11.706459522247314
11.841392517089844
11.702370643615723
11.784148216247559
11.775970458984375
11.767792701721191
11.812770366668701
11.825037002563477
11.735081672668457
11.730992794036865
11.784148216247559
11.784148216247559
11.829125881195068
11.812770366668701
12.92494535446167
11.816859245300293
11.78823709487915
11.804592609405518
11.784148216247559
11.771881580352783
11.796414852142334
11.816859245300293
11.85365915298462
11.7637038230896
11.80868148803711
11.784148216247559
11.69828176498413
11.767792701721191
11.796414852142334
11.800503730773926
11.780059337615967
11.83321475982666
11.726903915405273
11.7637038230896
11.780059337615967
11.829125881195068
11.804592609405518
11.800503730773926
11.74325942993164
11.714637279510498
11.71872615814209
11.747348308563232
11.825037002563477
11.857748031616211
11.804592609405518
11.767792701721191
