11.19534969329834
11.211705207824707
11.228060722351074
11.350727081298828
11.215794086456299
11.342549324035645
11.28530502319336
11.244416236877441
11.322104930877686
11.21988296508789
11.248505115509033
11.24032735824585
11.191260814666748
11.273038387298584
11.305749416351318
11.232149600982666
11.322104930877686
11.281216144561768
11.277127265930176
11.30983829498291
11.183083057403564
11.24032735824585
11.268949508666992
11.203527450561523
11.289393901824951
11.236238479614258
11.24032735824585
11.223971843719482
11.2648606300354
11.305749416351318
11.318016052246094
11.281216144561768
11.297571659088135
11.191260814666748
11.273038387298584
11.645126342773438
11.33028268814087
11.326193809509277
11.334371566772461
11.24032735824585
11.30983829498291
11.28530502319336
11.657392978668213
11.211705207824707
11.268949508666992
11.289393901824951
11.362993717193604
11.256682872772217
11.67374849319458
11.297571659088135
11.21988296508789
11.714637279510498
11.730992794036865
11.277127265930176
11.236238479614258
11.215794086456299
11.669659614562988
11.268949508666992
11.268949508666992
11.755526065826416
