distancia
10.704684257507324
10.782372951507568
10.7169508934021
10.7169508934021
10.688328742980957
10.69650650024414
10.729217529296875
10.631084442138672
10.745573043823242
10.766017436981201
10.676062107086182
10.659706592559814
10.790550708770752
10.737395286560059
10.663795471191406
10.712862014770508
10.790550708770752
10.774195194244385
10.76192855834961
10.69650650024414
10.708773136138916
10.704684257507324
10.729217529296875
10.712862014770508
10.708773136138916
10.455262660980225
10.745573043823242
10.737395286560059
10.712862014770508
10.655617713928223
10.688328742980957
10.708773136138916
10.794639587402344
10.65152883529663
10.643351078033447
10.794639587402344
10.692417621612549
10.790550708770752
10.7169508934021
10.721039772033691
10.708773136138916
10.700595378875732
11.138105392456055
10.753750801086426
10.708773136138916
10.688328742980957
10.794639587402344
10.76192855834961
10.667884349822998
10.655617713928223
10.659706592559814
10.757839679718018
10.67197322845459
10.635173320770264
10.684239864349365
10.622906684875488
10.712862014770508
10.745573043823242
10.688328742980957
10.635173320770264
