distancia
16.11427068710327
16.171514987945557
16.2492036819458
16.24511480331421
16.167426109313965
16.11427068710327
16.142892837524414
16.138803958892822
16.241025924682617
16.163337230682373
16.2001371383667
16.102004051208496
16.253292560577393
16.20422601699829
16.187870502471924
16.2001371383667
16.146981716156006
16.167426109313965
16.11427068710327
16.265559196472168
16.146981716156006
16.220581531524658
16.15515947341919
16.183781623840332
16.183781623840332
16.171514987945557
16.183781623840332
16.241025924682617
16.191959381103516
16.142892837524414
16.17969274520874
16.216492652893066
16.2001371383667
16.241025924682617
16.232848167419434
16.15515947341919
16.146981716156006
16.196048259735107
16.241025924682617
16.15924835205078
16.13062620162964
16.2001371383667
16.17969274520874
16.146981716156006
16.22467041015625
16.22467041015625
16.106092929840088
15.734004974365234
15.349650382995605
15.304672718048096
14.985740184783936
15.345561504364014
15.31285047531128
15.349650382995605
14.912140369415283
14.912140369415283
14.879429340362549
14.83854055404663
14.912140369415283
14.891695976257324
