distancia
9.314465522766113
9.76015329360962
9.37579870223999
9.355354309082031
9.302198886871338
9.281754493713379
9.28584337234497
9.26131010055542
9.187710285186768
9.249043464660645
9.281754493713379
9.334909915924072
9.269487857818604
9.289932250976562
9.338998794555664
9.388065338134766
9.363532066345215
9.289932250976562
9.343087673187256
9.37579870223999
9.310376644134521
9.334909915924072
9.310376644134521
9.28584337234497
9.298110008239746
9.289932250976562
9.26131010055542
9.314465522766113
9.379887580871582
9.269487857818604
9.228599071502686
9.28584337234497
9.208154678344727
8.750200271606445
9.224510192871094
9.343087673187256
9.400331974029541
9.257221221923828
9.289932250976562
9.33082103729248
9.334909915924072
9.33082103729248
9.253132343292236
9.363532066345215
9.314465522766113
9.21633243560791
9.347176551818848
9.294021129608154
9.273576736450195
9.318554401397705
9.338998794555664
9.228599071502686
9.743797779083252
9.289932250976562
9.310376644134521
9.277665615081787
9.294021129608154
9.64975357055664
9.289932250976562
9.228599071502686
