distancia
9.428954124450684
9.33082103729248
9.4207763671875
9.338998794555664
9.392154216766357
9.441220760345459
9.383976459503174
9.379887580871582
9.449398517608643
9.388065338134766
9.322643280029297
9.441220760345459
9.388065338134766
9.404420852661133
9.461665153503418
9.404420852661133
9.469842910766602
9.383976459503174
9.400331974029541
9.388065338134766
9.408509731292725
9.35126543045044
9.371709823608398
9.388065338134766
9.478020668029785
9.35126543045044
9.412598609924316
9.4207763671875
9.326732158660889
9.39624309539795
9.326732158660889
9.400331974029541
9.379887580871582
9.314465522766113
9.371709823608398
9.35126543045044
9.449398517608643
9.367620944976807
9.294021129608154
9.39624309539795
9.355354309082031
9.359443187713623
9.457576274871826
9.449398517608643
9.433043003082275
9.37579870223999
9.355354309082031
9.30628776550293
9.433043003082275
9.363532066345215
9.338998794555664
9.433043003082275
9.343087673187256
9.367620944976807
9.367620944976807
9.363532066345215
9.408509731292725
9.359443187713623
9.37579870223999
9.428954124450684
