distancia
14.72405195236206
14.756762981414795
14.69951868057251
14.674985408782959
14.695429801940918
14.805829524993896
14.601385593414307
14.69951868057251
14.658629894256592
14.728140830993652
14.613652229309082
14.658629894256592
14.650452136993408
14.69951868057251
14.74449634552002
14.752674102783203
14.760851860046387
14.76902961730957
14.715874195098877
14.63000774383545
14.662718772888184
14.752674102783203
14.634096622467041
14.719963073730469
14.674985408782959
14.72405195236206
14.666807651519775
14.740407466888428
14.683163166046143
14.728140830993652
14.674985408782959
14.781296253204346
14.711785316467285
14.781296253204346
14.752674102783203
14.662718772888184
14.773118495941162
14.719963073730469
14.756762981414795
14.797651767730713
14.740407466888428
14.683163166046143
14.67907428741455
14.719963073730469
14.63000774383545
14.67907428741455
14.740407466888428
14.78947401046753
14.736318588256836
14.72405195236206
14.773118495941162
14.818096160888672
14.773118495941162
14.654541015625
14.785385131835938
14.695429801940918
14.617741107940674
14.752674102783203
14.773118495941162
14.748585224151611
