distancia
10.92139482498169
10.802817344665527
10.839617252349854
10.872328281402588
10.851883888244629
10.933661460876465
10.92139482498169
10.839617252349854
10.941839218139648
10.872328281402588
10.839617252349854
9.743797779083252
10.872328281402588
10.888683795928955
10.860061645507812
10.864150524139404
10.888683795928955
10.823261737823486
10.87641716003418
10.80690622329712
10.83143949508667
10.790550708770752
10.872328281402588
10.925483703613281
10.896861553192139
10.85597276687622
10.810995101928711
10.880506038665771
10.92139482498169
10.909128189086914
10.839617252349854
10.87641716003418
10.880506038665771
10.87641716003418
10.872328281402588
10.872328281402588
10.83143949508667
10.872328281402588
10.913217067718506
10.860061645507812
10.835528373718262
10.896861553192139
10.94592809677124
10.860061645507812
10.880506038665771
10.864150524139404
10.810995101928711
10.839617252349854
10.827350616455078
10.905039310455322
10.929572582244873
10.892772674560547
10.815083980560303
10.860061645507812
10.884594917297363
10.835528373718262
10.888683795928955
10.929572582244873
10.896861553192139
10.864150524139404
