distancia
9.457576274871826
8.962821960449219
9.05686616897583
8.96691083908081
9.069132804870605
8.979177474975586
8.975088596343994
9.048688411712646
8.958733081817627
8.926022052764893
8.98735523223877
8.958733081817627
8.975088596343994
8.975088596343994
8.954644203186035
8.946466445922852
8.913755416870117
8.970999717712402
8.950555324554443
8.938288688659668
8.970999717712402
8.950555324554443
8.950555324554443
8.962821960449219
8.950555324554443
8.950555324554443
8.975088596343994
8.909666538238525
8.96691083908081
8.975088596343994
8.970999717712402
8.962821960449219
9.007799625396729
9.020066261291504
9.003710746765137
9.007799625396729
9.020066261291504
9.003710746765137
8.934199810028076
9.052777290344238
8.917844295501709
8.958733081817627
9.024155139923096
8.958733081817627
9.024155139923096
8.975088596343994
8.970999717712402
9.003710746765137
9.069132804870605
8.950555324554443
8.96691083908081
8.938288688659668
9.01188850402832
9.044599533081055
9.05686616897583
8.958733081817627
8.970999717712402
9.028244018554688
9.003710746765137
8.946466445922852
