distancia
10.823261737823486
10.80690622329712
10.471618175506592
10.471618175506592
10.860061645507812
10.545217990875244
10.80690622329712
10.749661922454834
10.794639587402344
10.827350616455078
10.85597276687622
10.725128650665283
10.884594917297363
10.774195194244385
10.749661922454834
10.839617252349854
10.90095043182373
10.839617252349854
10.851883888244629
10.90095043182373
10.749661922454834
10.39801836013794
10.393929481506348
10.545217990875244
10.839617252349854
10.459351539611816
10.896861553192139
10.790550708770752
10.790550708770752
10.839617252349854
10.83143949508667
10.737395286560059
10.745573043823242
10.843706130981445
10.835528373718262
10.864150524139404
10.782372951507568
10.753750801086426
10.87641716003418
10.90095043182373
10.815083980560303
10.835528373718262
10.815083980560303
10.810995101928711
10.80690622329712
10.880506038665771
10.78646183013916
10.815083980560303
10.802817344665527
10.798728466033936
10.85597276687622
10.810995101928711
10.839617252349854
10.78646183013916
10.487973690032959
10.790550708770752
10.365307331085205
10.851883888244629
10.541129112243652
10.864150524139404
10.729217529296875
10.835528373718262
10.794639587402344
10.455262660980225
10.430729389190674
11.0154390335083
10.847795009613037
10.455262660980225
10.794639587402344
10.467529296875
10.447084903717041
10.541129112243652
10.819172859191895
10.438907146453857
10.798728466033936
10.426640510559082
10.872328281402588
10.528862476348877
10.410284996032715
10.430729389190674
10.447084903717041
10.835528373718262
10.794639587402344
10.389840602874756
10.819172859191895
10.794639587402344
10.402107238769531
10.53704023361206
10.532951354980469
10.90095043182373
10.864150524139404
10.438907146453857
10.847795009613037
10.745573043823242
10.426640510559082
10.561573505401611
10.438907146453857
10.438907146453857
10.83143949508667
10.467529296875
