distancia
10.770106315612793
10.76192855834961
10.843706130981445
10.733306407928467
10.69650650024414
10.778284072875977
10.766017436981201
10.860061645507812
10.704684257507324
10.753750801086426
10.729217529296875
10.778284072875977
10.798728466033936
10.80690622329712
10.721039772033691
10.823261737823486
10.80690622329712
10.790550708770752
10.69650650024414
10.78646183013916
10.76192855834961
10.7169508934021
10.757839679718018
10.74148416519165
10.757839679718018
10.83143949508667
10.766017436981201
10.83143949508667
10.802817344665527
10.810995101928711
10.860061645507812
10.76192855834961
10.819172859191895
10.733306407928467
10.827350616455078
10.753750801086426
10.798728466033936
10.749661922454834
10.770106315612793
10.76192855834961
10.749661922454834
10.794639587402344
10.737395286560059
10.80690622329712
10.778284072875977
10.700595378875732
10.815083980560303
10.819172859191895
10.74148416519165
10.729217529296875
10.712862014770508
10.782372951507568
10.819172859191895
10.737395286560059
10.745573043823242
10.74148416519165
10.815083980560303
10.737395286560059
10.815083980560303
10.823261737823486
10.700595378875732
10.729217529296875
10.827350616455078
10.782372951507568
10.770106315612793
10.782372951507568
10.753750801086426
10.80690622329712
10.733306407928467
10.778284072875977
10.794639587402344
10.733306407928467
10.80690622329712
10.810995101928711
10.766017436981201
10.757839679718018
10.733306407928467
10.770106315612793
10.729217529296875
10.80690622329712
10.794639587402344
10.737395286560059
10.80690622329712
10.83143949508667
10.725128650665283
10.680150985717773
10.74148416519165
10.688328742980957
10.802817344665527
10.827350616455078
10.85597276687622
10.810995101928711
10.733306407928467
10.745573043823242
10.872328281402588
10.712862014770508
10.704684257507324
10.749661922454834
10.827350616455078
10.80690622329712
