10.83143949508667
10.790550708770752
10.888683795928955
10.78646183013916
10.827350616455078
10.749661922454834
10.835528373718262
10.917305946350098
10.851883888244629
10.839617252349854
10.819172859191895
10.794639587402344
10.80690622329712
10.827350616455078
10.815083980560303
10.782372951507568
10.815083980560303
10.823261737823486
10.823261737823486
10.892772674560547
10.802817344665527
10.78646183013916
10.85597276687622
10.917305946350098
10.790550708770752
10.802817344665527
10.819172859191895
10.819172859191895
10.843706130981445
10.843706130981445
10.864150524139404
10.92139482498169
10.80690622329712
10.823261737823486
10.847795009613037
10.827350616455078
10.798728466033936
10.851883888244629
10.835528373718262
10.827350616455078
10.880506038665771
10.92139482498169
10.76192855834961
10.496151447296143
10.782372951507568
10.414373874664307
10.933661460876465
10.892772674560547
10.827350616455078
10.864150524139404
10.868239402770996
10.810995101928711
10.880506038665771
10.487973690032959
10.753750801086426
10.385751724243164
10.835528373718262
10.864150524139404
10.880506038665771
10.749661922454834
