distancia
11.632859706878662
11.587882041931152
11.612415313720703
11.694192886352539
11.661481857299805
11.591970920562744
11.600148677825928
11.518371105194092
11.641037464141846
11.596059799194336
11.694192886352539
11.591970920562744
11.641037464141846
11.677837371826172
11.62877082824707
11.53881549835205
11.636948585510254
11.612415313720703
11.58379316329956
11.69828176498413
11.686015129089355
11.587882041931152
11.53881549835205
11.612415313720703
11.636948585510254
11.542904376983643
11.632859706878662
11.71872615814209
11.677837371826172
11.620593070983887
11.62877082824707
11.624681949615479
11.60423755645752
11.632859706878662
11.53881549835205
11.587882041931152
11.600148677825928
11.616504192352295
11.681926250457764
11.632859706878662
11.608326435089111
11.645126342773438
11.64921522140503
11.624681949615479
11.53881549835205
11.653304100036621
11.616504192352295
11.645126342773438
11.526548862457275
11.55925989151001
11.690104007720947
11.587882041931152
11.632859706878662
11.563348770141602
11.669659614562988
11.591970920562744
11.64921522140503
11.641037464141846
11.632859706878662
11.571526527404785
