distancia
10.905039310455322
10.782372951507568
10.851883888244629
10.87641716003418
10.790550708770752
10.810995101928711
10.937750339508057
10.823261737823486
10.929572582244873
10.937750339508057
10.929572582244873
10.823261737823486
10.868239402770996
10.774195194244385
10.892772674560547
10.790550708770752
10.798728466033936
10.888683795928955
10.950016975402832
10.860061645507812
10.80690622329712
10.839617252349854
10.905039310455322
10.958194732666016
10.937750339508057
10.94592809677124
10.941839218139648
10.954105854034424
10.851883888244629
10.847795009613037
10.85597276687622
10.941839218139648
10.909128189086914
10.827350616455078
10.884594917297363
10.847795009613037
10.905039310455322
10.85597276687622
10.839617252349854
10.92139482498169
10.78646183013916
10.78646183013916
10.925483703613281
10.810995101928711
10.860061645507812
10.847795009613037
10.880506038665771
10.839617252349854
10.880506038665771
10.860061645507812
10.794639587402344
10.872328281402588
10.843706130981445
10.917305946350098
10.835528373718262
10.892772674560547
10.905039310455322
10.843706130981445
10.851883888244629
10.80690622329712
