13.31338882446289
12.998545169830322
12.986278533935547
12.974011898040771
13.297033309936523
12.953567504882812
12.986278533935547
12.978100776672363
12.96992301940918
12.92494535446167
12.912678718566895
12.933123111724854
13.031256198883057
13.03943395614624
12.974011898040771
12.937211990356445
13.321566581726074
13.382899761199951
13.342010974884033
13.002634048461914
12.96992301940918
12.96992301940918
12.974011898040771
12.961745262145996
12.974011898040771
13.010811805725098
13.382899761199951
13.374722003936768
12.945389747619629
13.370633125305176
13.325655460357666
12.96992301940918
12.908589839935303
13.329744338989258
13.272500038146973
12.941300868988037
13.047611713409424
13.407433032989502
13.321566581726074
12.916767597198486
12.920856475830078
12.941300868988037
13.24387788772583
13.309299945831299
13.337922096252441
13.346099853515625
13.37881088256836
13.395166397094727
13.386988639831543
13.337922096252441
13.33383321762085
13.362455368041992
13.28885555267334
13.374722003936768
13.37881088256836
13.247966766357422
13.325655460357666
13.374722003936768
13.395166397094727
13.354277610778809
