distancia
6.828427314758301
6.844782829284668
6.840693950653076
6.897938251495361
6.836605072021484
6.885671615600586
6.738471984863281
6.897938251495361
6.852960586547852
6.754827499389648
6.812071800231934
6.8734049797058105
6.820249557495117
6.771183013916016
6.754827499389648
6.763005256652832
6.84887170791626
6.857049465179443
6.844782829284668
6.771183013916016
6.861138343811035
6.869316101074219
6.795716285705566
6.865227222442627
6.816160678863525
6.877493858337402
6.91838264465332
6.844782829284668
6.844782829284668
6.812071800231934
6.84887170791626
6.877493858337402
6.80389404296875
6.885671615600586
6.857049465179443
6.824338436126709
6.807982921600342
6.824338436126709
6.799805164337158
6.832516193389893
6.857049465179443
6.8734049797058105
6.771183013916016
6.812071800231934
6.8938493728637695
6.857049465179443
6.844782829284668
6.771183013916016
6.889760494232178
6.824338436126709
6.84887170791626
6.877493858337402
6.852960586547852
6.828427314758301
6.730294227600098
6.881582736968994
6.828427314758301
6.754827499389648
6.844782829284668
6.824338436126709
