6.844782829284668
6.799805164337158
6.750738620758057
6.754827499389648
6.807982921600342
6.783449649810791
6.852960586547852
6.8734049797058105
6.464517116546631
6.746649742126465
6.812071800231934
6.771183013916016
6.807982921600342
6.386828422546387
6.3704729080200195
6.3704729080200195
6.427717208862305
6.906116008758545
6.812071800231934
6.807982921600342
6.869316101074219
6.897938251495361
6.836605072021484
6.374561786651611
6.345939636230469
6.840693950653076
6.382739543914795
6.852960586547852
6.4113616943359375
6.746649742126465
6.407272815704346
6.3909173011779785
6.836605072021484
6.889760494232178
6.43998384475708
6.444072723388672
6.3909173011779785
6.378650665283203
6.456339359283447
6.374561786651611
6.386828422546387
6.43998384475708
6.43998384475708
6.812071800231934
6.386828422546387
6.43998384475708
6.382739543914795
6.456339359283447
6.444072723388672
6.382739543914795
6.3909173011779785
5.9288740158081055
6.341850757598877
6.386828422546387
6.824338436126709
6.407272815704346
6.341850757598877
6.4113616943359375
6.399095058441162
6.4318060874938965
