8.746111392974854
8.774733543395996
8.697044849395752
8.721578121185303
8.754289150238037
8.697044849395752
8.76246690750122
8.73793363571167
8.69295597076416
8.799266815185547
8.746111392974854
8.697044849395752
8.742022514343262
8.725666999816895
8.815622329711914
8.697044849395752
8.705222606658936
8.66842269897461
8.73793363571167
8.652067184448242
8.697044849395752
8.758378028869629
8.76246690750122
8.80744457244873
8.754289150238037
8.672511577606201
8.709311485290527
8.787000179290771
8.709311485290527
8.750200271606445
8.721578121185303
8.750200271606445
8.684778213500977
8.78291130065918
8.725666999816895
8.725666999816895
8.78291130065918
8.73793363571167
8.746111392974854
8.66842269897461
8.733844757080078
8.733844757080078
8.733844757080078
8.78291130065918
8.69295597076416
8.76246690750122
8.766555786132812
8.746111392974854
8.815622329711914
8.733844757080078
8.754289150238037
8.71340036392212
8.791089057922363
8.76246690750122
8.71340036392212
8.78291130065918
8.733844757080078
8.66842269897461
8.746111392974854
8.770644664764404
